011111011001111000000101100101000100100010000000010101000111001010101111000110001001010001011101100101110100111100011100110000100010001100011101111111000000110010101100011100010011100010011101000000010010001001001011001110111100000001101101101110001111111000101110001011110000110100110010

001101110111000110110101010100101011010100000100011101111000010101111000101000100000111001110011101011100101010011100001010010010100101000111010111010100011111111101011010111110000111011001100001011000110100010101011110000011101011001010001101101010000000011011001111101111111110101111000

110001000101001110101101010111111110010110101010001101100100001101100000000110100110010111100100010101011010110100000111101011101000000010100010110011011100110011100100010100000100000011010110001111100011100100101000110100101010111110011101111100010110101100001111010110000000110011011101

000010101000010100010000010000110000100100110010010101010001011000011001100001010001011001011010000110000011111000010000011001110001001100010111101011101100010111100000000011011111010110111110101001101111100011010111001100011000000111010000111100110100101001011001001110110101001000110101

001001000010100010000101101101100000101001011110000000001100100000000110110111001100010010000110100001111011100001111000010110100001001100001010000011101000000010110001001010000100001110110010010100101010001001011110111010000011101011001000101001100101100111101001000100110100001000100010

001011101100010110000100000101111101001010001000000010101110100010101000000011001101111010011011000010101101100011011010010100001111111000001011101011110101100001100111001000100110001100011100100000101011100001000011011001010101101001101010101011001011010011101000101100101001101011110100

111000100001101010001110011011010111110100110111110111110111100111001101011000100010100011110101001111101101110101011001110011110100110111111000100001010100010010101010110100101100010010110110011110010100010100011010011100110000110010000101110010100101011110101000111010101010001100001111

010100101110111011000001010011011010100101111111010001010101110111011111110111000100110110111100011010000101111000110011101100101110011111000100000111011111001110111101010111100100100001011001110110001100001110110100001010101110111100011101011111000010011111001111110100000001110000011101

001011101100001001101001100010110100100001010100100111110101111100101101010100001011101000001110110001000110100111010011000000110111111000001011110100011000000110101110100011111010101001000111111110101110110110000101001011000000011010000001101111000010000111010000101100101001110100011001

