001111111111001001000101101001100110100001110001101011000100100001011111000100001110000001001010100001010011000011010101000101010001100011111010110110101011001010101001100110001101111110111011100011000110010000010111101100011001110011011000111010101010000010000111100011110110110100011010

110111111101011100111100000010000101100010110100101000001101011010100100010011010111111100101001110001111101000110101001101011010101000001011101110001110010111001101100110101010011010001110100110001101001101111001000011000011110100101001101111110111100111001001001000000110011101010000010

111110000010110100000010110101110101010000111111000111110101111010001000010111010111001010100111001001000100111101101111001011101001011001111110100110110100111110011010001100101111100100011101001100111110100101111011000101010110011010100001110111001001010011101101100111101001110010001111

001111111111010110101000001110101111001010101101001110011111111111011010010011001000010011011111010010111000000111011100010001101001100011111010101001000110101101100000001101010001011011100000111101000011000111010001111110001100000000110011111110100011010110111111100011110110101011110111

011000001010000001011000010111001111001001100111101001010101001100101001100001010001001011010110001011100010111010000000000110011100110100001010110000100110101110101010101010011011101000010011001111011010011111011000100111010110111101101111101001010110000001001111111010010110101000111101

